4
1  0  7  15 0  0  0  0  0  0  0  0  0  0  12 13 
0  0  0  0  0  0  0  4  0  0  0  1  14 0  0  0  
0  0  10 0  6  3  0  15 13 0  0  0  2  4  8  0  
0  16 0  0  0  8  0  10 0  4  3  6  0  0  0  15 
0  5  0  3  14 0  0  0  11 0  0  12 13 0  16 10 
0  2  0  0  0  10 16 12 0  0  2  0  3  0  0  0  
9  12 14 0  1  0  15 0  0  0  0  0  0  0  0  0  
0  0  0  0  0  13 4  0  0  14 0  7  0  0  0  0  
0  0  12 5  0  4  0  0  0  0  0  0  0  16 0  8  
15 7  0  11 0  0  3  0  0  10 14 4  0  0  9  0  
0  0  0  0  0  7  6  0  0  0  0  0  4  0  3  0  
0  0  4  10 0  11 0  13 6  0  0  0  15 5  0  0  
4  0  0  1  0  5  2  0  0  0  0  14 0  13 0  0  
0  0  0  0  0  0  0  11 1  0  6  0  0  0  10 2  
11 0  0  9  0  0  0  16 0  0  10 0  0  12 7  0  
0  0  0  7  0  0  0  3  0  8  12 0  0  9  0  1  
