4
12 14 0  0  0  8  0  2  4  0  0  0  0  0  0  0  
0  0  0  0  14 0  3  0  0  0  10 11 16 4  9  0  
0  0  13 0  0  0  0  0  3  6  0  9  0  7  0  0  
0  0  0  11 0  7  0  16 8  0  0  0  6  0  0  15 
14 0  0  0  0  0  16 0  0  1  0  6  0  0  0  0  
15 0  6  0  1  10 0  5  7  13 11 0  0  0  0  3  
8  4  0  0  2  0  0  11 12 0  0  10 0  5  0  0  
0  0  0  0  0  0  0  14 0  4  0  15 0  6  0  0  
0  0  0  0  8  14 9  6  16 3  0  0  0  15 0  10 
0  2  0  9  10 15 11 13 0  0  0  0  0  14 0  1  
0  0  7  5  3  0  1  0  6  0  0  12 0  0  8  0  
0  0  0  10 5  0  0  12 0  0  0  0  0  0  0  0  
4  0  2  0  12 0  0  0  0  0  0  0  15 16 11 0  
0  3  0  0  4  0  0  0  0  0  8  0  10 0  0  5  
7  5  12 6  0  0  0  0  15 11 0  0  0  8  0  4  
0  0  0  8  0  0  0  0  0  9  13 0  0  0  7  0
