4
0  0  0  15   0  0  8  0    5  0  0  0    0  10 0  9    
0  9  0  0    0  0  3  7    2  15 0  4    0  0  5  0    
0  11 0  0    1  0  5  0    9  0  6  0    0  0  0  0    
0  0  0  0    0  0  10 0    0  0  0  8    11 0  0  0    

5  0  0  4    0  2  0  12   0  0  0  1    0  0  16 6    
0  0  0  6    11 0  0  10   0  9  16 0    0  1  0  0    
0  0  0  0    8  3  0  0    6  10 0  0    0  0  0  0    
16 12 0  0    0  0  0  15   0  0  0  0    5  8  0  13   

0  0  15 16   0  0  9  0    0  0  1  7    3  0  13 0    
4  0  0  12   0  8  1  2    10 13 0  0    0  14 15 0    
2  14 0  10   13 11 0  0    0  0  8  0    0  16 0  0    
0  0  0  7    0  0  15 6    3  0  12 0    0  0  1  0    

0  0  0  0    5  0  11 0    1  6  0  0    0  3  0  0    
11 15 0  0    0  0  0  16   12 0  7  0    0  0  6  2    
9  16 0  0    0  14 0  0    4  0  2  0    0  0  0  11   
10 7  0  5    0  0  0  0    0  0  0  3    0  9  4  0    

